100
0 281 281 0 0 0 0 0 0 0 0 0 0 0 0 0 0 0 0 0 0 6 7 176 138 155 138 708 
1 0 0 0 0 0 0 0 0 0 0 0 0 0 0 0 0 0 0 0 0 11 11 9 
2 1 1 1 1 1 1 1 1 1 1 1 1 1 1 1 1 1 1 21 4859 797 6049 3244 1737 3244 
3 3 3 3 3 3 3 3 3 3 3 3 3 3 3 3 3 3 3 475 1 41 7 356 6656 
4 0 0 0 0 0 0 0 0 0 0 0 0 0 0 0 0 0 0 0 0 0 138 
5 7 7 7 7 7 7 7 7 7 7 7 7 7 7 7 7 7 7 7 7 7 1966 8 8 116 8 8 8 8 8 8 8 8 8 8 8 8 0 0 0 0 0 0 0 0 0 0 0 0 0 0 9 303 2478 138 138 
6 0 2360 5 5 5 5 5 5 5 5 5 5 5 5 5 5 5 5 5 25 25 25 20 14 14 14 14 14 14 4 4 4 4 4 4 4 4 4 7 7 549 1334 5276 1958 
7 0 0 0 0 0 0 0 0 0 0 0 0 0 0 0 0 0 0 0 0 0 1310 1290 2264 
8 63 63 63 119 32 8 8 8 8 8 8 8 8 8 3 3 3 3 3 3 3 3 3 3 3 3 3 3 3 3 3 3 19 1225 2148 1572 1290 
9 1 1 3 3 3 3 3 3 3 3 3 3 3 3 3 3 3 3 3 3 187 9 138 
10 8 8 8 8 8 2 2 2 2 2 2 2 2 2 2 2 2 2 2 2 2 19 19 2 2 2 2 2 2 2 2 2 2 2 2 2 2 2 2 2 56 56 3430 120 
11 1 1 1 1 1 1 1 1 1 1 1 1 1 1 1 1 1 1 17 243 138 
12 1 1 1 1 1 1 1 1 1 1 1 1 1 1 1 1 1 1 2 8 3756 5526 2264 1502 
13 0 0 0 0 0 0 0 0 0 0 0 0 0 0 0 0 0 0 0 0 0 7242 
14 38 38 38 74 0 0 0 0 0 0 0 0 0 0 0 0 0 0 0 0 0 0 0 11 303 4371 
15 47 47 47 0 0 0 0 0 0 0 0 0 0 0 0 0 0 0 0 0 2 1583 117 1591 
16 0 0 0 0 0 0 0 0 0 0 0 0 0 0 0 0 0 0 0 0 0 968 
17 2 2 2 2 2 2 2 2 2 2 2 2 2 2 2 2 2 2 2 2 2 2 2 2 2 2 2 2 2 2 2 2 2 2 2 2 2 797 
18 1 1 1 1 1 1 1 1 1 1 1 1 1 1 1 1 1 1 1251 9 9 355 5381 554 
19 31 1 1 1 1 1 1 1 1 1 1 1 1 1 1 1 1 1 9 9 9 9 9 9 940 583 5926 1737 
20 26 26 26 26 26 26 148 1 1 1 1 1 1 1 1 1 1 1 1 1 1 107 8 138 
21 0 0 0 0 0 0 0 0 0 0 0 0 0 0 0 0 0 0 0 0 0 3684 
22 96 96 0 0 0 0 0 0 0 0 0 0 0 0 0 0 0 0 0 0 0 0 442 7 977 9517 2848 
23 0 0 0 0 0 0 0 0 0 0 0 0 0 0 0 0 0 0 0 0 0 554 
24 32 32 32 32 0 0 0 0 0 0 0 0 0 0 0 0 0 0 0 0 0 16 2282 
25 6 6 6 6 6 6 6 6 6 109 2546 8 8 8 0 0 0 0 0 0 0 0 0 0 0 0 0 342 9677 27 176 2264 
26 6 6 6 6 6 6 6 6 6 6 6 6 6 6 6 6 0 0 0 0 0 0 0 0 0 0 0 21 1434 
27 3 3 3 3 19 2 2 2 2 2 2 2 2 2 2 2 2 2 2 2 2 2 2 2 2 2 2 2 2 2 2 2 2 2 57 468 1495 2848 
28 1 1 1 1 1 1 1 1 1 1 1 1 5 5 5 5 5 5 5 5 5 5 5 0 0 861 15 9 4364 155 
29 0 0 0 0 0 0 0 0 0 0 0 0 0 0 0 0 0 0 0 0 0 138 
30 0 0 0 0 0 0 0 0 0 0 0 0 0 0 0 0 0 0 0 0 0 7624 1310 
31 1 1 1 1 1 1 1 1 1 1 1 1 1 1 1 1 1 1 41 9 709 
32 0 0 0 0 0 0 0 0 0 0 0 0 0 0 0 0 0 0 0 0 0 3849 
33 1 1 1 1 1 1 1 1 1 1 1 1 1 1 1 1 1 1 9 9 9 9 961 176 708 
34 0 0 0 0 0 0 0 0 0 0 0 0 0 0 0 0 0 0 0 0 0 1737 3097 
35 3 3 3 419 2 2 2 2 2 2 2 2 2 2 297 23 23 23 23 1959 88 19 19 19 0 0 0 0 0 0 0 28 28 8 
36 406 63 3 3 3 3 3 3 3 3 0 0 0 0 0 0 0 0 0 0 0 0 27 554 5526 
37 0 0 0 0 0 0 0 0 0 0 0 0 0 0 0 0 0 0 0 0 0 138 
38 2 2 2 4630 0 0 0 0 0 0 0 0 0 0 0 0 0 0 0 0 0 0 5 138 
39 1 1 1 1 1 1 1 1 1 1 1 1 1 1 1 1 1 1 2 8 4768 
40 0 0 0 0 3 3 3 3 3 3 3 2 2 2 2 2 2 2 2 2 2 2 2 2 2 2 2 2 7777 869 2153 1310 
41 0 0 0 0 0 0 0 0 0 0 0 0 0 0 0 0 0 0 0 0 0 554 
42 62 19 247 5154 39 39 39 210 1039 214 11 11 11 1 1 1 1 1 1 1 1 1 1 280 27 27 27 138 1290 
43 4 4 4 4 4 4 4 4 4 4 4 4 4 4 4 4 4 4 4 4 4 4 4 4 4 62 187 1384 
44 10 10 10 10 10 10 10 10 10 10 332 5014 164 164 112 117 5 5 5 5 5 5 5 5 5 5 5 5 5 5 5 72 77 7 7 7 1610 197 
45 1 1 1 1 1 1 1 1 1 1 1 1 1 1 1 1 1 1 5 121 37 6729 138 
46 3 3 3 3 3 3 3 3 3 3 3 3 3 3 3 3 3 3 3 3 651 2591 968 138 
47 25 25 0 0 0 0 0 0 0 0 0 0 0 0 0 0 0 0 0 0 0 138 138 
48 33 33 9 9 9 9 9 9 9 9 9 9 5728 4 4 4 4 4 4 4 4 4 4 2863 0 0 0 0 0 0 0 55 27 176 138 
49 0 0 0 0 0 0 0 0 0 0 0 0 0 0 0 0 0 0 0 0 0 3684 
50 3140 10 10 10 10 10 10 10 10 10 10 10 10 10 322 19 19 19 19 19 19 1372 412 412 395 62 
51 0 0 0 0 0 0 0 0 0 0 0 0 0 0 0 0 0 0 0 0 0 2818 
52 225 229 47 384 0 0 0 0 0 0 0 0 0 0 0 0 0 0 0 0 0 0 27 27 27 27 859 120 5851 7055 
53 1 1 1 1 1 1 1 1 1 1 1 1 1 1 1 1 1 1 18 2153 
54 2684 0 0 0 0 0 0 0 0 0 0 0 0 0 0 0 0 0 0 0 0 41 37 197 442 968 
55 1 1 1 1 1 1 1 1 1 1 1 1 1 1 1 1 1 1 5 301 148 155 
56 0 0 0 0 0 0 0 0 0 0 0 0 0 0 0 0 0 0 0 0 0 138 
57 0 0 0 0 0 0 0 0 0 0 0 0 0 0 0 0 0 0 0 0 0 1263 
58 0 0 0 0 0 0 0 0 0 0 0 0 0 0 0 0 0 0 0 0 0 138 
59 4 4 4 4 4 4 4 4 4 4 4 4 4 4 4 4 4 4 4 9 9 9 9 9 2 2 2 2 2 2 2 2 65 977 
60 293 0 0 0 0 0 0 0 0 0 0 0 0 123 1756 174 6 6 6 6 6 6 6 6 6 6 9 9 176 138 
61 1 1 1 1 1 1 1 1 1 1 1 1 1 1 1 456 456 2883 21 21 2683 69 197 
62 2 2 2 2 26 21 21 21 21 21 3 3 3 45 4 4 4 4 4 4 4 4 4 4 4 4 4 4 4 19 120 
63 585 40 40 40 40 1054 0 0 0 0 0 0 0 0 0 0 0 0 0 0 0 0 2 8 8 3097 3097 1263 
64 11 11 11 6 6 6 6 6 6 6 6 6 6 6 6 6 6 6 114 114 114 114 114 19 19 22 12 12 12 3038 4 4 4 4 4 4 4 138 5526 1671 
65 0 0 0 0 0 0 0 0 0 0 0 0 0 0 0 0 0 0 0 0 0 9517 
66 0 0 0 0 0 0 0 0 0 0 0 0 0 0 0 0 0 0 0 0 0 1671 3097 
67 0 0 0 0 0 0 0 0 0 0 0 0 0 0 0 0 0 0 0 0 0 138 
68 4 1 1 1 1 1 1 1 1 1 1 1 1 1 1 1 1 1 17 5 2818 1502 
69 762 6 6 6 6 6 6 6 6 6 6 6 6 6 141 4 4 4 4 4 4 4 4 4 4 4 4 4 4 1593 
70 7 7 7 7 7 7 7 7 7 7 7 7 7 7 7 7 7 7 7 11 0 0 0 0 0 0 0 0 0 0 0 0 0 0 0 1 82 21 268 3975 3097 3244 
71 1 1 1 1 1 1 1 1 1 1 1 1 1 1 1 1 1 1 41 9 404 
72 1 1 1 1 1 1 1 1 1 1 1 1 1 1 1 1 1 1 18 
73 609 99 99 0 0 0 0 0 0 0 0 0 0 0 0 0 0 0 0 0 0 5 252 3774 
74 0 0 0 0 0 0 0 0 0 0 0 0 0 0 0 0 0 0 0 0 0 138 
75 4 4 4 3 3 3 3 3 3 3 3 3 3 3 3 3 3 3 3 3 3 3676 138 3975 
76 43 0 0 0 0 0 0 0 0 0 0 0 0 0 0 0 0 0 0 0 2 27 3279 8 
77 9 9 9 9 9 8733 68 244 244 433 11 11 0 0 0 0 0 0 0 0 0 0 0 0 0 0 0 5350 197 554 
78 0 0 0 0 0 0 0 0 0 0 0 0 0 0 0 0 0 0 0 0 0 138 
79 0 0 0 0 0 0 0 0 0 0 0 0 0 0 0 0 0 0 0 0 0 138 
80 0 0 0 0 0 0 0 0 0 0 0 0 0 0 0 0 0 0 0 0 0 708 3244 
81 4 4 4 4 4 4 4 4 4 4 4 4 4 4 4 1 1 1 1 1 1 1 2882 554 900 5921 3110 
82 2385 0 0 0 0 0 0 0 0 0 0 0 0 0 0 0 0 0 0 0 0 22 612 625 621 621 9584 
83 21 25 2458 1 1 1 1 1 1 1 1 0 0 0 0 0 0 0 0 0 2132 120 
84 0 0 0 0 0 0 0 0 0 0 0 0 0 0 0 0 0 0 0 0 0 968 
85 6 6 676 1 1 1 1 1 1 1 1 1 1 1 1 1 1 1 1 95 69 4390 
86 5 5 5 5 5 5 5 5 5 5 5 5 5 5 21 21 21 2 2 2 2 2 2 2 2 2 2 2 2 2 2 2 2 2 2 2 2 4 4 4 23 3110 1263 
87 0 0 0 68 2 2 2 2 2 2 2 2 2 2 2 2 2 2 2 2 2 2 2 2 2 2 2 2 2 2 2 2 2 8 14 121 549 3110 
88 4 4 4 4 4 4 4 4 4 4 4 4 0 0 0 0 0 0 0 0 0 0 0 8 120 138 
89 0 0 0 0 0 0 0 0 0 0 0 0 0 0 500 2051 33 2221 98 98 98 98 238 1757 725 2060 
90 8973 272 3 3 3 3 3 3 3 3 3 3 3 3 3 3 3 3 3 3 3 8 176 3198 
91 3 3 1 1 1 1 1 1 1 1 1 1 1 1 1 1 1 1 651 663 4148 
92 1 1 1 1 1 1 1 1 1 1 1 7 7 21 21 21 21 21 21 141 50 399 73 73 73 30 30 364 9 709 
93 4 4 4 4 50 50 50 1156 26 39 39 33 0 0 0 0 0 0 0 0 0 2 126 1290 1951 2591 
94 1 1 1 1 1 1 1 1 1 1 1 1 1 1 1 1 1 1 5 37 8 
95 0 0 0 0 0 0 0 0 0 0 0 0 0 0 0 0 0 0 0 0 0 2848 7585 
96 0 0 0 0 0 0 0 0 0 0 0 0 0 0 0 0 0 0 0 0 0 554 
97 0 0 0 0 0 0 0 0 0 0 0 0 0 0 0 0 0 0 0 0 0 5381 
98 205 1487 106 46 1 1 1 1 1 1 1 1 1 1 1 1 1 1 1 42 410 3097 1671 
99 0 0 0 0 0 0 0 0 0 0 0 0 0 0 0 0 0 0 0 0 0 6604 